 
179100516453345
179100513402487
179100513144417
179100512893676
179100484662650
179100484398824
179100460182976
179100459930453
179100454759974
179100454481228
179100453613669
179100453355697
179100453088744
179100452558964
179100413551426
179100391167760
179100390874262
179100357763449
179100348836698
179100330932267
179100322274368
179100307507061
179100307199543
179100306400485
179100137859151
179100137695140
179121763157279
179058610249379
179058609766337
179058609276591
179058608852952
179058608265444
179058591645540
179058089729418
179058022029123
179058016048173
179058012602619
179058003642375
179058002925358
179057994382547
1790513085464
1790513083915
1790513082633
1790513081516
1790513079519
1790513076764
1790513075324
1790513071934
1790513068505
1790513065115
1790513061860
